info: overriding version check (required: 0.9.145, current: 0.9.140)
   Compiling sheltie-core v0.3.0-rc.1 (/Users/shushu/orca/workspaces/sheltie/codex/crates/sheltie-core)
   Compiling sheltie-runtime v0.3.0-rc.1 (/Users/shushu/orca/workspaces/sheltie/codex/crates/sheltie-runtime)
    Finished `test` profile [unoptimized + debuginfo] target(s) in 1.44s
────────────
 Nextest run ID 5e8e29e8-f630-4d5a-a3dc-058c3a832d0a with nextest profile: default
    Starting 1 test across 1 binary (1 test skipped)
        FAIL [   0.266s] (1/1) sheltie-runtime::crash status_card_missing_is_regenerated_on_next_write
  stdout ───

    running 1 test
    test status_card_missing_is_regenerated_on_next_write ... FAILED

    failures:

    failures:
        status_card_missing_is_regenerated_on_next_write

    test result: FAILED. 0 passed; 1 failed; 0 ignored; 0 measured; 1 filtered out; finished in 0.25s

  stderr ───

    thread 'status_card_missing_is_regenerated_on_next_write' (58828420) panicked at crates/sheltie-runtime/tests/crash.rs:65:5:
    assertion `left == right` failed: 卡来自begin后的最新事实且字节符合状态卡合同
      left: [35, 32, 87, 111, 114, 107, 32, 50, 48, 50, 54, 45, 49, 48, 45, 48, 50, 45, 48, 48, 49, 45, 229, 141, 161, 231, 137, 135, 230, 129, 162, 229, 164, 141, 239, 188, 136, 229, 141, 161, 231, 137, 135, 230, 129, 162, 229, 164, 141, 239, 188, 137, 10, 10, 119, 111, 114, 107, 98, 111, 111, 107, 58, 32, 116, 119, 111, 45, 115, 116, 101, 112, 64, 49, 46, 48, 46, 48, 32, 32, 32, 102, 108, 111, 119, 58, 32, 100, 101, 102, 97, 117, 108, 116, 32, 32, 32, 115, 116, 97, 116, 117, 115, 58, 32, 97, 99, 116, 105, 118, 101, 10, 99, 117, 114, 114, 101, 110, 116, 58, 32, 111, 117, 116, 108, 105, 110, 101, 35, 49, 10, 100, 111, 110, 101, 58, 32, 230, 151, 160, 10, 112, 101, 110, 100, 105, 110, 103, 58, 32, 115, 117, 109, 109, 97, 114, 121, 10, 118, 105, 115, 105, 116, 115, 58, 32, 111, 117, 116, 108, 105, 110, 101, 32, 49, 47, 49, 44, 32, 115, 117, 109, 109, 97, 114, 121, 32, 48, 47, 49, 10, 10, 35, 35, 32, 229, 189, 147, 229, 137, 141, 228, 187, 187, 229, 138, 161, 10, 10, 97, 116, 116, 101, 109, 112, 116, 58, 32, 111, 117, 116, 108, 105, 110, 101, 35, 49, 46, 48, 10, 98, 114, 105, 101, 102, 95, 112, 97, 116, 104, 58, 32, 47, 112, 114, 105, 118, 97, 116, 101, 47, 118, 97, 114, 47, 102, 111, 108, 100, 101, 114, 115, 47, 52, 49, 47, 106, 103, 51, 49, 104, 50, 52, 106, 49, 50, 110, 98, 113, 104, 51, 51, 52, 109, 54, 121, 122, 107, 104, 52, 48, 48, 48, 48, 103, 110, 47, 84, 47, 46, 116, 109, 112, 90, 83, 78, 101, 83, 57, 47, 119, 111, 114, 107, 115, 47, 50, 48, 50, 54, 45, 49, 48, 45, 48, 50, 45, 48, 48, 49, 45, 229, 141, 161, 231, 137, 135, 230, 129, 162, 229, 164, 141, 47, 97, 116, 116, 101, 109, 112, 116, 115, 47, 111, 117, 116, 108, 105, 110, 101, 47, 111, 99, 99, 117, 114, 114, 101, 110, 99, 101, 45, 48, 48, 49, 47, 97, 116, 116, 101, 109, 112, 116, 45, 48, 48, 48, 47, 98, 114, 105, 101, 102, 46, 109, 100, 10, 105, 110, 112, 117, 116, 115, 58, 10, 32, 32, 116, 111, 112, 105, 99, 32, 226, 134, 146, 32, 47, 112, 114, 105, 118, 97, 116, 101, 47, 118, 97, 114, 47, 102, 111, 108, 100, 101, 114, 115, 47, 52, 49, 47, 106, 103, 51, 49, 104, 50, 52, 106, 49, 50, 110, 98, 113, 104, 51, 51, 52, 109, 54, 121, 122, 107, 104, 52, 48, 48, 48, 48, 103, 110, 47, 84, 47, 46, 116, 109, 112, 90, 83, 78, 101, 83, 57, 47, 119, 111, 114, 107, 115, 47, 50, 48, 50, 54, 45, 49, 48, 45, 48, 50, 45, 48, 48, 49, 45, 229, 141, 161, 231, 137, 135, 230, 129, 162, 229, 164, 141, 47, 115, 116, 97, 114, 116, 45, 105, 110, 112, 117, 116, 115, 47, 116, 111, 112, 105, 99, 32, 40, 115, 104, 97, 50, 53, 54, 32, 49, 101, 98, 100, 55, 102, 101, 52, 48, 97, 48, 50, 98, 56, 57, 53, 56, 100, 55, 50, 49, 98, 54, 99, 97, 56, 50, 55, 50, 54, 97, 100, 51, 52, 50, 54, 53, 101, 55, 56, 100, 102, 98, 54, 50, 54, 98, 57, 55, 99, 49, 50, 98, 100, 102, 100, 56, 55, 53, 49, 102, 50, 102, 55, 44, 32, 50, 51, 32, 66, 41, 10, 100, 114, 97, 102, 116, 95, 111, 117, 116, 112, 117, 116, 115, 58, 10, 32, 32, 111, 117, 116, 108, 105, 110, 101, 32, 226, 134, 146, 32, 47, 112, 114, 105, 118, 97, 116, 101, 47, 118, 97, 114, 47, 102, 111, 108, 100, 101, 114, 115, 47, 52, 49, 47, 106, 103, 51, 49, 104, 50, 52, 106, 49, 50, 110, 98, 113, 104, 51, 51, 52, 109, 54, 121, 122, 107, 104, 52, 48, 48, 48, 48, 103, 110, 47, 84, 47, 46, 116, 109, 112, 90, 83, 78, 101, 83, 57, 47, 119, 111, 114, 107, 115, 47, 50, 48, 50, 54, 45, 49, 48, 45, 48, 50, 45, 48, 48, 49, 45, 229, 141, 161, 231, 137, 135, 230, 129, 162, 229, 164, 141, 47, 97, 116, 116, 101, 109, 112, 116, 115, 47, 111, 117, 116, 108, 105, 110, 101, 47, 111, 99, 99, 117, 114, 114, 101, 110, 99, 101, 45, 48, 48, 49, 47, 97, 116, 116, 101, 109, 112, 116, 45, 48, 48, 48, 47, 111, 117, 116, 112, 117, 116, 115, 47, 111, 117, 116, 108, 105, 110, 101, 46, 109, 100, 10, 10, 35, 35, 32, 230, 156, 128, 232, 191, 145, 228, 184, 128, 230, 172, 161, 229, 176, 157, 232, 175, 149, 10, 10, 111, 117, 116, 108, 105, 110, 101, 35, 49, 46, 48, 32, 114, 117, 110, 110, 105, 110, 103, 10, 10, 35, 35, 32, 229, 144, 136, 230, 179, 149, 228, 184, 139, 228, 184, 128, 230, 173, 165, 10, 10, 45, 32, 115, 104, 101, 108, 116, 105, 101, 32, 97, 116, 116, 101, 109, 112, 116, 32, 115, 117, 98, 109, 105, 116, 32, 50, 48, 50, 54, 45, 49, 48, 45, 48, 50, 45, 48, 48, 49, 45, 229, 141, 161, 231, 137, 135, 230, 129, 162, 229, 164, 141, 32, 45, 45, 97, 116, 116, 101, 109, 112, 116, 32, 111, 117, 116, 108, 105, 110, 101, 35, 49, 46, 48, 32, 45, 45, 115, 117, 109, 109, 97, 114, 121, 32, 34, 60, 228, 184, 128, 229, 143, 165, 232, 175, 157, 231, 187, 147, 232, 174, 186, 62, 34, 10, 45, 32, 115, 104, 101, 108, 116, 105, 101, 32, 97, 116, 116, 101, 109, 112, 116, 32, 102, 97, 105, 108, 32, 50, 48, 50, 54, 45, 49, 48, 45, 48, 50, 45, 48, 48, 49, 45, 229, 141, 161, 231, 137, 135, 230, 129, 162, 229, 164, 141, 32, 45, 45, 97, 116, 116, 101, 109, 112, 116, 32, 111, 117, 116, 108, 105, 110, 101, 35, 49, 46, 48, 32, 45, 45, 114, 101, 97, 115, 111, 110, 32, 34, 60, 229, 142, 159, 229, 155, 160, 62, 34, 10, 45, 32, 115, 104, 101, 108, 116, 105, 101, 32, 119, 111, 114, 107, 32, 99, 97, 110, 99, 101, 108, 32, 50, 48, 50, 54, 45, 49, 48, 45, 48, 50, 45, 48, 48, 49, 45, 229, 141, 161, 231, 137, 135, 230, 129, 162, 229, 164, 141, 10]
     right: [35, 32, 87, 111, 114, 107, 32, 50, 48, 50, 54, 45, 49, 48, 45, 48, 50, 45, 48, 48, 49, 45, 229, 141, 161, 231, 137, 135, 230, 129, 162, 229, 164, 141, 239, 188, 136, 229, 141, 161, 231, 137, 135, 230, 129, 162, 229, 164, 141, 239, 188, 137, 10, 10, 119, 111, 114, 107, 98, 111, 111, 107, 58, 32, 116, 119, 111, 45, 115, 116, 101, 112, 64, 49, 46, 48, 46, 48, 32, 32, 32, 102, 108, 111, 119, 58, 32, 100, 101, 102, 97, 117, 108, 116, 32, 32, 32, 115, 116, 97, 116, 117, 115, 58, 32, 97, 99, 116, 105, 118, 101, 10, 99, 117, 114, 114, 101, 110, 116, 58, 32, 111, 117, 116, 108, 105, 110, 101, 35, 49, 10, 100, 111, 110, 101, 58, 32, 230, 151, 160, 10, 112, 101, 110, 100, 105, 110, 103, 58, 32, 115, 117, 109, 109, 97, 114, 121, 10, 118, 105, 115, 105, 116, 115, 58, 32, 111, 117, 116, 108, 105, 110, 101, 32, 49, 47, 49, 44, 32, 115, 117, 109, 109, 97, 114, 121, 32, 48, 47, 49, 10, 10, 35, 35, 32, 229, 189, 147, 229, 137, 141, 228, 187, 187, 229, 138, 161, 10, 10, 97, 116, 116, 101, 109, 112, 116, 58, 32, 111, 117, 116, 108, 105, 110, 101, 35, 49, 46, 48, 10, 98, 114, 105, 101, 102, 95, 112, 97, 116, 104, 58, 32, 47, 112, 114, 105, 118, 97, 116, 101, 47, 118, 97, 114, 47, 102, 111, 108, 100, 101, 114, 115, 47, 52, 49, 47, 106, 103, 51, 49, 104, 50, 52, 106, 49, 50, 110, 98, 113, 104, 51, 51, 52, 109, 54, 121, 122, 107, 104, 52, 48, 48, 48, 48, 103, 110, 47, 84, 47, 46, 116, 109, 112, 90, 83, 78, 101, 83, 57, 47, 119, 111, 114, 107, 115, 47, 50, 48, 50, 54, 45, 49, 48, 45, 48, 50, 45, 48, 48, 49, 45, 229, 141, 161, 231, 137, 135, 230, 129, 162, 229, 164, 141, 47, 97, 116, 116, 101, 109, 112, 116, 115, 47, 111, 117, 116, 108, 105, 110, 101, 47, 111, 99, 99, 117, 114, 114, 101, 110, 99, 101, 45, 48, 48, 49, 47, 97, 116, 116, 101, 109, 112, 116, 45, 48, 48, 48, 47, 98, 114, 105, 101, 102, 46, 109, 100, 10, 105, 110, 112, 117, 116, 115, 58, 10, 32, 32, 116, 111, 112, 105, 99, 32, 226, 134, 146, 32, 47, 112, 114, 105, 118, 97, 116, 101, 47, 118, 97, 114, 47, 102, 111, 108, 100, 101, 114, 115, 47, 52, 49, 47, 106, 103, 51, 49, 104, 50, 52, 106, 49, 50, 110, 98, 113, 104, 51, 51, 52, 109, 54, 121, 122, 107, 104, 52, 48, 48, 48, 48, 103, 110, 47, 84, 47, 46, 116, 109, 112, 90, 83, 78, 101, 83, 57, 47, 119, 111, 114, 107, 115, 47, 50, 48, 50, 54, 45, 49, 48, 45, 48, 50, 45, 48, 48, 49, 45, 229, 141, 161, 231, 137, 135, 230, 129, 162, 229, 164, 141, 47, 115, 116, 97, 114, 116, 45, 105, 110, 112, 117, 116, 115, 47, 116, 111, 112, 105, 99, 32, 40, 115, 104, 97, 50, 53, 54, 32, 49, 101, 98, 100, 55, 102, 101, 52, 48, 97, 48, 50, 98, 56, 57, 53, 56, 100, 55, 50, 49, 98, 54, 99, 97, 56, 50, 55, 50, 54, 97, 100, 51, 52, 50, 54, 53, 101, 55, 56, 100, 102, 98, 54, 50, 54, 98, 57, 55, 99, 49, 50, 98, 100, 102, 100, 56, 55, 53, 49, 102, 50, 102, 55, 44, 32, 50, 51, 32, 66, 41, 10, 100, 114, 97, 102, 116, 95, 111, 117, 116, 112, 117, 116, 115, 58, 10, 32, 32, 111, 117, 116, 108, 105, 110, 101, 32, 226, 134, 146, 32, 47, 112, 114, 105, 118, 97, 116, 101, 47, 118, 97, 114, 47, 102, 111, 108, 100, 101, 114, 115, 47, 52, 49, 47, 106, 103, 51, 49, 104, 50, 52, 106, 49, 50, 110, 98, 113, 104, 51, 51, 52, 109, 54, 121, 122, 107, 104, 52, 48, 48, 48, 48, 103, 110, 47, 84, 47, 46, 116, 109, 112, 90, 83, 78, 101, 83, 57, 47, 119, 111, 114, 107, 115, 47, 50, 48, 50, 54, 45, 49, 48, 45, 48, 50, 45, 48, 48, 49, 45, 229, 141, 161, 231, 137, 135, 230, 129, 162, 229, 164, 141, 47, 97, 116, 116, 101, 109, 112, 116, 115, 47, 111, 117, 116, 108, 105, 110, 101, 47, 111, 99, 99, 117, 114, 114, 101, 110, 99, 101, 45, 48, 48, 49, 47, 97, 116, 116, 101, 109, 112, 116, 45, 48, 48, 48, 47, 111, 117, 116, 112, 117, 116, 115, 47, 111, 117, 116, 108, 105, 110, 101, 46, 109, 100, 10, 10, 35, 35, 32, 230, 156, 128, 232, 191, 145, 228, 184, 128, 230, 172, 161, 229, 176, 157, 232, 175, 149, 10, 10, 111, 117, 116, 108, 105, 110, 101, 35, 49, 46, 48, 32, 114, 117, 110, 110, 105, 110, 103, 10, 10, 35, 35, 32, 229, 144, 136, 230, 179, 149, 228, 184, 139, 228, 184, 128, 230, 173, 165, 10, 10, 45, 32, 115, 104, 101, 108, 116, 105, 101, 32, 97, 116, 116, 101, 109, 112, 116, 32, 115, 117, 98, 109, 105, 116, 32, 50, 48, 50, 54, 45, 49, 48, 45, 48, 50, 45, 48, 48, 49, 45, 229, 141, 161, 231, 137, 135, 230, 129, 162, 229, 164, 141, 32, 45, 45, 97, 116, 116, 101, 109, 112, 116, 32, 111, 117, 116, 108, 105, 110, 101, 35, 49, 46, 48, 32, 45, 45, 115, 117, 109, 109, 97, 114, 121, 32, 34, 60, 228, 184, 128, 229, 143, 165, 232, 175, 157, 231, 187, 147, 232, 174, 186, 62, 34, 10, 45, 32, 115, 104, 101, 108, 116, 105, 101, 32, 97, 116, 116, 101, 109, 112, 116, 32, 102, 97, 105, 108, 32, 50, 48, 50, 54, 45, 49, 48, 45, 48, 50, 45, 48, 48, 49, 45, 229, 141, 161, 231, 137, 135, 230, 129, 162, 229, 164, 141, 32, 45, 45, 97, 116, 116, 101, 109, 112, 116, 32, 111, 117, 116, 108, 105, 110, 101, 35, 49, 46, 48, 32, 45, 45, 114, 101, 97, 115, 111, 110, 32, 34, 60, 229, 142, 159, 229, 155, 160, 62, 34, 10, 45, 32, 115, 104, 101, 108, 116, 105, 101, 32, 97, 116, 116, 101, 109, 112, 116, 32, 114, 101, 112, 108, 97, 99, 101, 32, 50, 48, 50, 54, 45, 49, 48, 45, 48, 50, 45, 48, 48, 49, 45, 229, 141, 161, 231, 137, 135, 230, 129, 162, 229, 164, 141, 32, 45, 45, 97, 116, 116, 101, 109, 112, 116, 32, 111, 117, 116, 108, 105, 110, 101, 35, 49, 46, 48, 32, 45, 45, 114, 101, 97, 115, 111, 110, 32, 34, 60, 229, 142, 159, 229, 155, 160, 62, 34, 10, 45, 32, 115, 104, 101, 108, 116, 105, 101, 32, 119, 111, 114, 107, 32, 99, 97, 110, 99, 101, 108, 32, 50, 48, 50, 54, 45, 49, 48, 45, 48, 50, 45, 48, 48, 49, 45, 229, 141, 161, 231, 137, 135, 230, 129, 162, 229, 164, 141, 10]
    note: run with `RUST_BACKTRACE=1` environment variable to display a backtrace

  Cancelling due to test failure: 
────────────
     Summary [   0.267s] 1 test run: 0 passed, 1 failed, 1 skipped
        FAIL [   0.266s] (1/1) sheltie-runtime::crash status_card_missing_is_regenerated_on_next_write
error: test run failed
