   Compiling sheltie-runtime v0.3.0-rc.1 (/Users/shushu/orca/workspaces/sheltie/codex/crates/sheltie-runtime)
    Finished `test` profile [unoptimized + debuginfo] target(s) in 0.58s
────────────
 Nextest run ID 75be07a7-58d8-47c7-8796-57cb25c8cacd with nextest profile: default
    Starting 1 test across 19 binaries (345 tests skipped)
        FAIL [   1.340s] (1/1) sheltie-runtime::workbook_txn readers_accept_real_publication_after_their_old_owner_observation
  stdout ───

    running 1 test
    test readers_accept_real_publication_after_their_old_owner_observation ... FAILED

    failures:

    failures:
        readers_accept_real_publication_after_their_old_owner_observation

    test result: FAILED. 0 passed; 1 failed; 0 ignored; 0 measured; 32 filtered out; finished in 1.33s

  stderr ───

    thread 'readers_accept_real_publication_after_their_old_owner_observation' (61919547) panicked at crates/sheltie-runtime/tests/workbook_txn.rs:1939:9:
    assertion `left == right` failed: writer stats/none
      left: {"/private/var/folders/41/jg31h24j12nbqh334m6yzkh40000gn/T/.tmpgCQwKo/workbooks": (16832, 681151090, None), "/private/var/folders/41/jg31h24j12nbqh334m6yzkh40000gn/T/.tmpgCQwKo/workbooks/two-step": (16832, 681151091, None), "/private/var/folders/41/jg31h24j12nbqh334m6yzkh40000gn/T/.tmpgCQwKo/workbooks/two-step/1.0.0": (16749, 681151071, None), "/private/var/folders/41/jg31h24j12nbqh334m6yzkh40000gn/T/.tmpgCQwKo/workbooks/two-step/1.0.0/flows": (16749, 681151072, None), "/private/var/folders/41/jg31h24j12nbqh334m6yzkh40000gn/T/.tmpgCQwKo/workbooks/two-step/1.0.0/flows/default.toml": (33060, 681151074, Some([115, 99, 104, 101, 109, 97, 32, 61, 32, 34, 102, 108, 111, 119, 47, 118, 49, 34, 10, 105, 100, 32, 61, 32, 34, 100, 101, 102, 97, 117, 108, 116, 34, 10, 101, 110, 116, 114, 121, 32, 61, 32, 34, 111, 117, 116, 108, 105, 110, 101, 34, 10, 10, 91, 91, 110, 111, 100, 101, 115, 93, 93, 10, 105, 100, 32, 61, 32, 34, 111, 117, 116, 108, 105, 110, 101, 34, 10, 116, 105, 116, 108, 101, 32, 61, 32, 34, 229, 136, 151, 230, 143, 144, 231, 186, 178, 34, 10, 101, 120, 101, 99, 117, 116, 111, 114, 32, 61, 32, 34, 97, 103, 101, 110, 116, 34, 10, 105, 110, 115, 116, 114, 117, 99, 116, 105, 111, 110, 32, 61, 32, 123, 32, 102, 105, 108, 101, 32, 61, 32, 34, 105, 110, 115, 116, 114, 117, 99, 116, 105, 111, 110, 115, 47, 111, 117, 116, 108, 105, 110, 101, 46, 109, 100, 34, 32, 125, 10, 105, 110, 112, 117, 116, 115, 32, 32, 61, 32, 91, 123, 32, 110, 97, 109, 101, 32, 61, 32, 34, 116, 111, 112, 105, 99, 34, 44, 32, 102, 114, 111, 109, 32, 61, 32, 34, 115, 116, 97, 114, 116, 46, 116, 111, 112, 105, 99, 34, 32, 125, 93, 10, 111, 117, 116, 112, 117, 116, 115, 32, 61, 32, 91, 123, 32, 110, 97, 109, 101, 32, 61, 32, 34, 111, 117, 116, 108, 105, 110, 101, 34, 44, 32, 112, 97, 116, 104, 32, 61, 32, 34, 111, 117, 116, 108, 105, 110, 101, 46, 109, 100, 34, 44, 32, 109, 97, 120, 95, 98, 121, 116, 101, 115, 32, 61, 32, 54, 53, 53, 51, 54, 32, 125, 93, 10, 10, 91, 91, 110, 111, 100, 101, 115, 93, 93, 10, 105, 100, 32, 61, 32, 34, 115, 117, 109, 109, 97, 114, 121, 34, 10, 116, 105, 116, 108, 101, 32, 61, 32, 34, 230, 140, 137, 230, 143, 144, 231, 186, 178, 229, 134, 153, 230, 145, 152, 232, 166, 129, 34, 10, 101, 120, 101, 99, 117, 116, 111, 114, 32, 61, 32, 34, 97, 103, 101, 110, 116, 34, 10, 105, 110, 115, 116, 114, 117, 99, 116, 105, 111, 110, 32, 61, 32, 123, 32, 102, 105, 108, 101, 32, 61, 32, 34, 105, 110, 115, 116, 114, 117, 99, 116, 105, 111, 110, 115, 47, 115, 117, 109, 109, 97, 114, 121, 46, 109, 100, 34, 32, 125, 10, 105, 110, 112, 117, 116, 115, 32, 32, 61, 32, 91, 123, 32, 110, 97, 109, 101, 32, 61, 32, 34, 111, 117, 116, 108, 105, 110, 101, 34, 44, 32, 102, 114, 111, 109, 32, 61, 32, 34, 111, 117, 116, 108, 105, 110, 101, 46, 111, 117, 116, 108, 105, 110, 101, 34, 32, 125, 93, 10, 111, 117, 116, 112, 117, 116, 115, 32, 61, 32, 91, 123, 32, 110, 97, 109, 101, 32, 61, 32, 34, 115, 117, 109, 109, 97, 114, 121, 34, 44, 32, 112, 97, 116, 104, 32, 61, 32, 34, 115, 117, 109, 109, 97, 114, 121, 46, 109, 100, 34, 44, 32, 109, 97, 120, 95, 98, 121, 116, 101, 115, 32, 61, 32, 54, 53, 53, 51, 54, 32, 125, 93, 10, 10, 91, 91, 101, 100, 103, 101, 115, 93, 93, 10, 102, 114, 111, 109, 32, 61, 32, 34, 111, 117, 116, 108, 105, 110, 101, 34, 10, 116, 111, 32, 61, 32, 34, 115, 117, 109, 109, 97, 114, 121, 34, 10, 107, 105, 110, 100, 32, 61, 32, 34, 109, 97, 105, 110, 34, 10])), "/private/var/folders/41/jg31h24j12nbqh334m6yzkh40000gn/T/.tmpgCQwKo/workbooks/two-step/1.0.0/instructions": (16749, 681151073, None), "/private/var/folders/41/jg31h24j12nbqh334m6yzkh40000gn/T/.tmpgCQwKo/workbooks/two-step/1.0.0/instructions/outline.md": (33060, 681151075, Some([232, 175, 187, 32, 96, 116, 111, 112, 105, 99, 96, 239, 188, 140, 229, 155, 180, 231, 187, 149, 229, 174, 131, 229, 136, 151, 228, 184, 128, 228, 187, 189, 230, 143, 144, 231, 186, 178, 227, 128, 130, 10, 10, 45, 32, 228, 184, 137, 229, 136, 176, 229, 133, 173, 228, 184, 170, 228, 184, 128, 231, 186, 167, 232, 166, 129, 231, 130, 185, 239, 188, 140, 230, 175, 143, 228, 184, 170, 232, 166, 129, 231, 130, 185, 228, 184, 139, 228, 184, 128, 229, 136, 176, 228, 184, 137, 228, 184, 170, 229, 173, 144, 231, 130, 185, 227, 128, 130, 10, 45, 32, 230, 175, 143, 228, 184, 170, 232, 166, 129, 231, 130, 185, 228, 184, 128, 229, 143, 165, 232, 175, 157, 232, 175, 180, 230, 184, 133, 232, 166, 129, 232, 174, 178, 228, 187, 128, 228, 185, 136, 239, 188, 140, 228, 184, 141, 229, 177, 149, 229, 188, 128, 227, 128, 130, 10, 45, 32, 231, 148, 168, 231, 174, 128, 228, 189, 147, 228, 184, 173, 230, 150, 135, 239, 188, 140, 77, 97, 114, 107, 100, 111, 119, 110, 32, 229, 136, 151, 232, 161, 168, 227, 128, 130, 10, 10, 230, 138, 138, 230, 143, 144, 231, 186, 178, 229, 134, 153, 229, 136, 176, 228, 187, 187, 229, 138, 161, 228, 185, 166, 227, 128, 140, 232, 190, 147, 229, 135, 186, 232, 166, 129, 230, 177, 130, 227, 128, 141, 233, 135, 140, 32, 96, 111, 117, 116, 108, 105, 110, 101, 96, 32, 229, 175, 185, 229, 186, 148, 231, 154, 132, 232, 183, 175, 229, 190, 132, 227, 128, 130, 229, 155, 158, 229, 164, 141, 229, 141, 143, 232, 176, 131, 232, 128, 133, 230, 151, 182, 232, 175, 180, 228, 184, 128, 229, 143, 165, 239, 188, 154, 229, 135, 160, 228, 184, 170, 232, 166, 129, 231, 130, 185, 239, 188, 140, 228, 184, 187, 231, 186, 191, 230, 152, 175, 228, 187, 128, 228, 185, 136, 227, 128, 130, 10])), "/private/var/folders/41/jg31h24j12nbqh334m6yzkh40000gn/T/.tmpgCQwKo/workbooks/two-step/1.0.0/instructions/summary.md": (33060, 681151076, Some([232, 175, 187, 32, 96, 111, 117, 116, 108, 105, 110, 101, 96, 239, 188, 140, 230, 140, 137, 229, 174, 131, 229, 134, 153, 228, 184, 128, 231, 175, 135, 32, 51, 48, 48, 32, 229, 136, 176, 32, 53, 48, 48, 32, 229, 173, 151, 231, 154, 132, 230, 145, 152, 232, 166, 129, 227, 128, 130, 10, 10, 45, 32, 233, 161, 186, 229, 186, 143, 228, 184, 142, 230, 143, 144, 231, 186, 178, 228, 184, 128, 232, 135, 180, 239, 188, 140, 230, 175, 143, 228, 184, 170, 228, 184, 128, 231, 186, 167, 232, 166, 129, 231, 130, 185, 228, 184, 128, 230, 174, 181, 227, 128, 130, 10, 45, 32, 228, 184, 141, 230, 150, 176, 229, 162, 158, 230, 143, 144, 231, 186, 178, 233, 135, 140, 230, 178, 161, 230, 156, 137, 231, 154, 132, 232, 167, 130, 231, 130, 185, 227, 128, 130, 10, 45, 32, 231, 148, 168, 231, 174, 128, 228, 189, 147, 228, 184, 173, 230, 150, 135, 227, 128, 130, 10, 10, 230, 138, 138, 230, 145, 152, 232, 166, 129, 229, 134, 153, 229, 136, 176, 32, 96, 115, 117, 109, 109, 97, 114, 121, 96, 32, 229, 175, 185, 229, 186, 148, 231, 154, 132, 232, 183, 175, 229, 190, 132, 227, 128, 130, 229, 155, 158, 229, 164, 141, 229, 141, 143, 232, 176, 131, 232, 128, 133, 230, 151, 182, 232, 175, 180, 228, 184, 128, 229, 143, 165, 239, 188, 154, 229, 173, 151, 230, 149, 176, 228, 184, 142, 230, 152, 175, 229, 144, 166, 232, 166, 134, 231, 155, 150, 228, 186, 134, 229, 133, 168, 233, 131, 168, 232, 166, 129, 231, 130, 185, 227, 128, 130, 10])), "/private/var/folders/41/jg31h24j12nbqh334m6yzkh40000gn/T/.tmpgCQwKo/workbooks/two-step/1.0.0/workbook.toml": (33060, 681151077, Some([115, 99, 104, 101, 109, 97, 32, 61, 32, 34, 119, 111, 114, 107, 98, 111, 111, 107, 47, 118, 49, 34, 10, 105, 100, 32, 61, 32, 34, 116, 119, 111, 45, 115, 116, 101, 112, 34, 10, 118, 101, 114, 115, 105, 111, 110, 32, 61, 32, 34, 49, 46, 48, 46, 48, 34, 10, 110, 97, 109, 101, 32, 61, 32, 34, 228, 184, 164, 230, 173, 165, 229, 134, 153, 228, 189, 156, 34, 10, 100, 101, 115, 99, 114, 105, 112, 116, 105, 111, 110, 32, 61, 32, 34, 229, 133, 136, 229, 136, 151, 230, 143, 144, 231, 186, 178, 239, 188, 140, 229, 134, 141, 230, 140, 137, 230, 143, 144, 231, 186, 178, 229, 134, 153, 230, 145, 152, 232, 166, 129, 227, 128, 130, 230, 151, 160, 229, 174, 161, 230, 159, 165, 227, 128, 129, 230, 151, 160, 233, 151, 168, 230, 167, 155, 239, 188, 140, 232, 175, 129, 230, 152, 142, 229, 188, 149, 230, 147, 142, 228, 184, 142, 228, 184, 154, 229, 138, 161, 230, 151, 160, 229, 133, 179, 227, 128, 130, 34, 10, 10, 102, 108, 111, 119, 115, 32, 61, 32, 91, 34, 102, 108, 111, 119, 115, 47, 100, 101, 102, 97, 117, 108, 116, 46, 116, 111, 109, 108, 34, 93, 10])), "/private/var/folders/41/jg31h24j12nbqh334m6yzkh40000gn/T/.tmpgCQwKo/works": (16832, 681151120, None), "/private/var/folders/41/jg31h24j12nbqh334m6yzkh40000gn/T/.tmpgCQwKo/works/2026-10-03-001-default": (16832, 681151123, None), "/private/var/folders/41/jg31h24j12nbqh334m6yzkh40000gn/T/.tmpgCQwKo/works/2026-10-03-001-default/start-inputs": (16832, 681151133, None), "/private/var/folders/41/jg31h24j12nbqh334m6yzkh40000gn/T/.tmpgCQwKo/works/2026-10-03-001-default/start-inputs/topic": (33152, 681151134, Some([111, 119, 110, 101, 114, 32, 111, 98, 115, 101, 114, 118, 97, 116, 105, 111, 110])), "/private/var/folders/41/jg31h24j12nbqh334m6yzkh40000gn/T/.tmpgCQwKo/works/2026-10-03-001-default/status-card.md": (33152, 681151166, Some([35, 32, 87, 111, 114, 107, 32, 50, 48, 50, 54, 45, 49, 48, 45, 48, 51, 45, 48, 48, 49, 45, 100, 101, 102, 97, 117, 108, 116, 239, 188, 136, 100, 101, 102, 97, 117, 108, 116, 239, 188, 137, 10, 10, 119, 111, 114, 107, 98, 111, 111, 107, 58, 32, 116, 119, 111, 45, 115, 116, 101, 112, 64, 49, 46, 48, 46, 48, 32, 32, 32, 102, 108, 111, 119, 58, 32, 100, 101, 102, 97, 117, 108, 116, 32, 32, 32, 115, 116, 97, 116, 117, 115, 58, 32, 97, 99, 116, 105, 118, 101, 10, 99, 117, 114, 114, 101, 110, 116, 58, 32, 111, 117, 116, 108, 105, 110, 101, 35, 49, 10, 100, 111, 110, 101, 58, 32, 230, 151, 160, 10, 112, 101, 110, 100, 105, 110, 103, 58, 32, 115, 117, 109, 109, 97, 114, 121, 10, 118, 105, 115, 105, 116, 115, 58, 32, 111, 117, 116, 108, 105, 110, 101, 32, 49, 47, 49, 44, 32, 115, 117, 109, 109, 97, 114, 121, 32, 48, 47, 49, 10, 10, 35, 35, 32, 229, 189, 147, 229, 137, 141, 228, 187, 187, 229, 138, 161, 10, 10, 230, 151, 160, 10, 10, 35, 35, 32, 230, 156, 128, 232, 191, 145, 228, 184, 128, 230, 172, 161, 229, 176, 157, 232, 175, 149, 10, 10, 230, 151, 160, 10, 10, 35, 35, 32, 229, 144, 136, 230, 179, 149, 228, 184, 139, 228, 184, 128, 230, 173, 165, 10, 10, 45, 32, 115, 104, 101, 108, 116, 105, 101, 32, 97, 116, 116, 101, 109, 112, 116, 32, 98, 101, 103, 105, 110, 32, 50, 48, 50, 54, 45, 49, 48, 45, 48, 51, 45, 48, 48, 49, 45, 100, 101, 102, 97, 117, 108, 116, 32, 45, 45, 110, 111, 100, 101, 32, 111, 117, 116, 108, 105, 110, 101, 10, 45, 32, 115, 104, 101, 108, 116, 105, 101, 32, 119, 111, 114, 107, 32, 99, 97, 110, 99, 101, 108, 32, 50, 48, 50, 54, 45, 49, 48, 45, 48, 51, 45, 48, 48, 49, 45, 100, 101, 102, 97, 117, 108, 116, 10])), "/private/var/folders/41/jg31h24j12nbqh334m6yzkh40000gn/T/.tmpgCQwKo/works/2026-10-03-001-default/workbook": (16749, 681151126, None), "/private/var/folders/41/jg31h24j12nbqh334m6yzkh40000gn/T/.tmpgCQwKo/works/2026-10-03-001-default/workbook/flows": (16749, 681151127, None), "/private/var/folders/41/jg31h24j12nbqh334m6yzkh40000gn/T/.tmpgCQwKo/works/2026-10-03-001-default/workbook/flows/default.toml": (33060, 681151129, Some([115, 99, 104, 101, 109, 97, 32, 61, 32, 34, 102, 108, 111, 119, 47, 118, 49, 34, 10, 105, 100, 32, 61, 32, 34, 100, 101, 102, 97, 117, 108, 116, 34, 10, 101, 110, 116, 114, 121, 32, 61, 32, 34, 111, 117, 116, 108, 105, 110, 101, 34, 10, 10, 91, 91, 110, 111, 100, 101, 115, 93, 93, 10, 105, 100, 32, 61, 32, 34, 111, 117, 116, 108, 105, 110, 101, 34, 10, 116, 105, 116, 108, 101, 32, 61, 32, 34, 229, 136, 151, 230, 143, 144, 231, 186, 178, 34, 10, 101, 120, 101, 99, 117, 116, 111, 114, 32, 61, 32, 34, 97, 103, 101, 110, 116, 34, 10, 105, 110, 115, 116, 114, 117, 99, 116, 105, 111, 110, 32, 61, 32, 123, 32, 102, 105, 108, 101, 32, 61, 32, 34, 105, 110, 115, 116, 114, 117, 99, 116, 105, 111, 110, 115, 47, 111, 117, 116, 108, 105, 110, 101, 46, 109, 100, 34, 32, 125, 10, 105, 110, 112, 117, 116, 115, 32, 32, 61, 32, 91, 123, 32, 110, 97, 109, 101, 32, 61, 32, 34, 116, 111, 112, 105, 99, 34, 44, 32, 102, 114, 111, 109, 32, 61, 32, 34, 115, 116, 97, 114, 116, 46, 116, 111, 112, 105, 99, 34, 32, 125, 93, 10, 111, 117, 116, 112, 117, 116, 115, 32, 61, 32, 91, 123, 32, 110, 97, 109, 101, 32, 61, 32, 34, 111, 117, 116, 108, 105, 110, 101, 34, 44, 32, 112, 97, 116, 104, 32, 61, 32, 34, 111, 117, 116, 108, 105, 110, 101, 46, 109, 100, 34, 44, 32, 109, 97, 120, 95, 98, 121, 116, 101, 115, 32, 61, 32, 54, 53, 53, 51, 54, 32, 125, 93, 10, 10, 91, 91, 110, 111, 100, 101, 115, 93, 93, 10, 105, 100, 32, 61, 32, 34, 115, 117, 109, 109, 97, 114, 121, 34, 10, 116, 105, 116, 108, 101, 32, 61, 32, 34, 230, 140, 137, 230, 143, 144, 231, 186, 178, 229, 134, 153, 230, 145, 152, 232, 166, 129, 34, 10, 101, 120, 101, 99, 117, 116, 111, 114, 32, 61, 32, 34, 97, 103, 101, 110, 116, 34, 10, 105, 110, 115, 116, 114, 117, 99, 116, 105, 111, 110, 32, 61, 32, 123, 32, 102, 105, 108, 101, 32, 61, 32, 34, 105, 110, 115, 116, 114, 117, 99, 116, 105, 111, 110, 115, 47, 115, 117, 109, 109, 97, 114, 121, 46, 109, 100, 34, 32, 125, 10, 105, 110, 112, 117, 116, 115, 32, 32, 61, 32, 91, 123, 32, 110, 97, 109, 101, 32, 61, 32, 34, 111, 117, 116, 108, 105, 110, 101, 34, 44, 32, 102, 114, 111, 109, 32, 61, 32, 34, 111, 117, 116, 108, 105, 110, 101, 46, 111, 117, 116, 108, 105, 110, 101, 34, 32, 125, 93, 10, 111, 117, 116, 112, 117, 116, 115, 32, 61, 32, 91, 123, 32, 110, 97, 109, 101, 32, 61, 32, 34, 115, 117, 109, 109, 97, 114, 121, 34, 44, 32, 112, 97, 116, 104, 32, 61, 32, 34, 115, 117, 109, 109, 97, 114, 121, 46, 109, 100, 34, 44, 32, 109, 97, 120, 95, 98, 121, 116, 101, 115, 32, 61, 32, 54, 53, 53, 51, 54, 32, 125, 93, 10, 10, 91, 91, 101, 100, 103, 101, 115, 93, 93, 10, 102, 114, 111, 109, 32, 61, 32, 34, 111, 117, 116, 108, 105, 110, 101, 34, 10, 116, 111, 32, 61, 32, 34, 115, 117, 109, 109, 97, 114, 121, 34, 10, 107, 105, 110, 100, 32, 61, 32, 34, 109, 97, 105, 110, 34, 10])), "/private/var/folders/41/jg31h24j12nbqh334m6yzkh40000gn/T/.tmpgCQwKo/works/2026-10-03-001-default/workbook/instructions": (16749, 681151128, None), "/private/var/folders/41/jg31h24j12nbqh334m6yzkh40000gn/T/.tmpgCQwKo/works/2026-10-03-001-default/workbook/instructions/outline.md": (33060, 681151130, Some([232, 175, 187, 32, 96, 116, 111, 112, 105, 99, 96, 239, 188, 140, 229, 155, 180, 231, 187, 149, 229, 174, 131, 229, 136, 151, 228, 184, 128, 228, 187, 189, 230, 143, 144, 231, 186, 178, 227, 128, 130, 10, 10, 45, 32, 228, 184, 137, 229, 136, 176, 229, 133, 173, 228, 184, 170, 228, 184, 128, 231, 186, 167, 232, 166, 129, 231, 130, 185, 239, 188, 140, 230, 175, 143, 228, 184, 170, 232, 166, 129, 231, 130, 185, 228, 184, 139, 228, 184, 128, 229, 136, 176, 228, 184, 137, 228, 184, 170, 229, 173, 144, 231, 130, 185, 227, 128, 130, 10, 45, 32, 230, 175, 143, 228, 184, 170, 232, 166, 129, 231, 130, 185, 228, 184, 128, 229, 143, 165, 232, 175, 157, 232, 175, 180, 230, 184, 133, 232, 166, 129, 232, 174, 178, 228, 187, 128, 228, 185, 136, 239, 188, 140, 228, 184, 141, 229, 177, 149, 229, 188, 128, 227, 128, 130, 10, 45, 32, 231, 148, 168, 231, 174, 128, 228, 189, 147, 228, 184, 173, 230, 150, 135, 239, 188, 140, 77, 97, 114, 107, 100, 111, 119, 110, 32, 229, 136, 151, 232, 161, 168, 227, 128, 130, 10, 10, 230, 138, 138, 230, 143, 144, 231, 186, 178, 229, 134, 153, 229, 136, 176, 228, 187, 187, 229, 138, 161, 228, 185, 166, 227, 128, 140, 232, 190, 147, 229, 135, 186, 232, 166, 129, 230, 177, 130, 227, 128, 141, 233, 135, 140, 32, 96, 111, 117, 116, 108, 105, 110, 101, 96, 32, 229, 175, 185, 229, 186, 148, 231, 154, 132, 232, 183, 175, 229, 190, 132, 227, 128, 130, 229, 155, 158, 229, 164, 141, 229, 141, 143, 232, 176, 131, 232, 128, 133, 230, 151, 182, 232, 175, 180, 228, 184, 128, 229, 143, 165, 239, 188, 154, 229, 135, 160, 228, 184, 170, 232, 166, 129, 231, 130, 185, 239, 188, 140, 228, 184, 187, 231, 186, 191, 230, 152, 175, 228, 187, 128, 228, 185, 136, 227, 128, 130, 10])), "/private/var/folders/41/jg31h24j12nbqh334m6yzkh40000gn/T/.tmpgCQwKo/works/2026-10-03-001-default/workbook/instructions/summary.md": (33060, 681151131, Some([232, 175, 187, 32, 96, 111, 117, 116, 108, 105, 110, 101, 96, 239, 188, 140, 230, 140, 137, 229, 174, 131, 229, 134, 153, 228, 184, 128, 231, 175, 135, 32, 51, 48, 48, 32, 229, 136, 176, 32, 53, 48, 48, 32, 229, 173, 151, 231, 154, 132, 230, 145, 152, 232, 166, 129, 227, 128, 130, 10, 10, 45, 32, 233, 161, 186, 229, 186, 143, 228, 184, 142, 230, 143, 144, 231, 186, 178, 228, 184, 128, 232, 135, 180, 239, 188, 140, 230, 175, 143, 228, 184, 170, 228, 184, 128, 231, 186, 167, 232, 166, 129, 231, 130, 185, 228, 184, 128, 230, 174, 181, 227, 128, 130, 10, 45, 32, 228, 184, 141, 230, 150, 176, 229, 162, 158, 230, 143, 144, 231, 186, 178, 233, 135, 140, 230, 178, 161, 230, 156, 137, 231, 154, 132, 232, 167, 130, 231, 130, 185, 227, 128, 130, 10, 45, 32, 231, 148, 168, 231, 174, 128, 228, 189, 147, 228, 184, 173, 230, 150, 135, 227, 128, 130, 10, 10, 230, 138, 138, 230, 145, 152, 232, 166, 129, 229, 134, 153, 229, 136, 176, 32, 96, 115, 117, 109, 109, 97, 114, 121, 96, 32, 229, 175, 185, 229, 186, 148, 231, 154, 132, 232, 183, 175, 229, 190, 132, 227, 128, 130, 229, 155, 158, 229, 164, 141, 229, 141, 143, 232, 176, 131, 232, 128, 133, 230, 151, 182, 232, 175, 180, 228, 184, 128, 229, 143, 165, 239, 188, 154, 229, 173, 151, 230, 149, 176, 228, 184, 142, 230, 152, 175, 229, 144, 166, 232, 166, 134, 231, 155, 150, 228, 186, 134, 229, 133, 168, 233, 131, 168, 232, 166, 129, 231, 130, 185, 227, 128, 130, 10])), "/private/var/folders/41/jg31h24j12nbqh334m6yzkh40000gn/T/.tmpgCQwKo/works/2026-10-03-001-default/workbook/workbook.toml": (33060, 681151132, Some([115, 99, 104, 101, 109, 97, 32, 61, 32, 34, 119, 111, 114, 107, 98, 111, 111, 107, 47, 118, 49, 34, 10, 105, 100, 32, 61, 32, 34, 116, 119, 111, 45, 115, 116, 101, 112, 34, 10, 118, 101, 114, 115, 105, 111, 110, 32, 61, 32, 34, 49, 46, 48, 46, 48, 34, 10, 110, 97, 109, 101, 32, 61, 32, 34, 228, 184, 164, 230, 173, 165, 229, 134, 153, 228, 189, 156, 34, 10, 100, 101, 115, 99, 114, 105, 112, 116, 105, 111, 110, 32, 61, 32, 34, 229, 133, 136, 229, 136, 151, 230, 143, 144, 231, 186, 178, 239, 188, 140, 229, 134, 141, 230, 140, 137, 230, 143, 144, 231, 186, 178, 229, 134, 153, 230, 145, 152, 232, 166, 129, 227, 128, 130, 230, 151, 160, 229, 174, 161, 230, 159, 165, 227, 128, 129, 230, 151, 160, 233, 151, 168, 230, 167, 155, 239, 188, 140, 232, 175, 129, 230, 152, 142, 229, 188, 149, 230, 147, 142, 228, 184, 142, 228, 184, 154, 229, 138, 161, 230, 151, 160, 229, 133, 179, 227, 128, 130, 34, 10, 10, 102, 108, 111, 119, 115, 32, 61, 32, 91, 34, 102, 108, 111, 119, 115, 47, 100, 101, 102, 97, 117, 108, 116, 46, 116, 111, 109, 108, 34, 93, 10]))}
     right: {"/private/var/folders/41/jg31h24j12nbqh334m6yzkh40000gn/T/.tmpgCQwKo/workbooks": (16832, 681151090, None), "/private/var/folders/41/jg31h24j12nbqh334m6yzkh40000gn/T/.tmpgCQwKo/workbooks/two-step": (16832, 681151091, None), "/private/var/folders/41/jg31h24j12nbqh334m6yzkh40000gn/T/.tmpgCQwKo/workbooks/two-step/1.0.0": (16749, 681151071, None), "/private/var/folders/41/jg31h24j12nbqh334m6yzkh40000gn/T/.tmpgCQwKo/workbooks/two-step/1.0.0/flows": (16749, 681151072, None), "/private/var/folders/41/jg31h24j12nbqh334m6yzkh40000gn/T/.tmpgCQwKo/workbooks/two-step/1.0.0/flows/default.toml": (33060, 681151074, Some([115, 99, 104, 101, 109, 97, 32, 61, 32, 34, 102, 108, 111, 119, 47, 118, 49, 34, 10, 105, 100, 32, 61, 32, 34, 100, 101, 102, 97, 117, 108, 116, 34, 10, 101, 110, 116, 114, 121, 32, 61, 32, 34, 111, 117, 116, 108, 105, 110, 101, 34, 10, 10, 91, 91, 110, 111, 100, 101, 115, 93, 93, 10, 105, 100, 32, 61, 32, 34, 111, 117, 116, 108, 105, 110, 101, 34, 10, 116, 105, 116, 108, 101, 32, 61, 32, 34, 229, 136, 151, 230, 143, 144, 231, 186, 178, 34, 10, 101, 120, 101, 99, 117, 116, 111, 114, 32, 61, 32, 34, 97, 103, 101, 110, 116, 34, 10, 105, 110, 115, 116, 114, 117, 99, 116, 105, 111, 110, 32, 61, 32, 123, 32, 102, 105, 108, 101, 32, 61, 32, 34, 105, 110, 115, 116, 114, 117, 99, 116, 105, 111, 110, 115, 47, 111, 117, 116, 108, 105, 110, 101, 46, 109, 100, 34, 32, 125, 10, 105, 110, 112, 117, 116, 115, 32, 32, 61, 32, 91, 123, 32, 110, 97, 109, 101, 32, 61, 32, 34, 116, 111, 112, 105, 99, 34, 44, 32, 102, 114, 111, 109, 32, 61, 32, 34, 115, 116, 97, 114, 116, 46, 116, 111, 112, 105, 99, 34, 32, 125, 93, 10, 111, 117, 116, 112, 117, 116, 115, 32, 61, 32, 91, 123, 32, 110, 97, 109, 101, 32, 61, 32, 34, 111, 117, 116, 108, 105, 110, 101, 34, 44, 32, 112, 97, 116, 104, 32, 61, 32, 34, 111, 117, 116, 108, 105, 110, 101, 46, 109, 100, 34, 44, 32, 109, 97, 120, 95, 98, 121, 116, 101, 115, 32, 61, 32, 54, 53, 53, 51, 54, 32, 125, 93, 10, 10, 91, 91, 110, 111, 100, 101, 115, 93, 93, 10, 105, 100, 32, 61, 32, 34, 115, 117, 109, 109, 97, 114, 121, 34, 10, 116, 105, 116, 108, 101, 32, 61, 32, 34, 230, 140, 137, 230, 143, 144, 231, 186, 178, 229, 134, 153, 230, 145, 152, 232, 166, 129, 34, 10, 101, 120, 101, 99, 117, 116, 111, 114, 32, 61, 32, 34, 97, 103, 101, 110, 116, 34, 10, 105, 110, 115, 116, 114, 117, 99, 116, 105, 111, 110, 32, 61, 32, 123, 32, 102, 105, 108, 101, 32, 61, 32, 34, 105, 110, 115, 116, 114, 117, 99, 116, 105, 111, 110, 115, 47, 115, 117, 109, 109, 97, 114, 121, 46, 109, 100, 34, 32, 125, 10, 105, 110, 112, 117, 116, 115, 32, 32, 61, 32, 91, 123, 32, 110, 97, 109, 101, 32, 61, 32, 34, 111, 117, 116, 108, 105, 110, 101, 34, 44, 32, 102, 114, 111, 109, 32, 61, 32, 34, 111, 117, 116, 108, 105, 110, 101, 46, 111, 117, 116, 108, 105, 110, 101, 34, 32, 125, 93, 10, 111, 117, 116, 112, 117, 116, 115, 32, 61, 32, 91, 123, 32, 110, 97, 109, 101, 32, 61, 32, 34, 115, 117, 109, 109, 97, 114, 121, 34, 44, 32, 112, 97, 116, 104, 32, 61, 32, 34, 115, 117, 109, 109, 97, 114, 121, 46, 109, 100, 34, 44, 32, 109, 97, 120, 95, 98, 121, 116, 101, 115, 32, 61, 32, 54, 53, 53, 51, 54, 32, 125, 93, 10, 10, 91, 91, 101, 100, 103, 101, 115, 93, 93, 10, 102, 114, 111, 109, 32, 61, 32, 34, 111, 117, 116, 108, 105, 110, 101, 34, 10, 116, 111, 32, 61, 32, 34, 115, 117, 109, 109, 97, 114, 121, 34, 10, 107, 105, 110, 100, 32, 61, 32, 34, 109, 97, 105, 110, 34, 10])), "/private/var/folders/41/jg31h24j12nbqh334m6yzkh40000gn/T/.tmpgCQwKo/workbooks/two-step/1.0.0/instructions": (16749, 681151073, None), "/private/var/folders/41/jg31h24j12nbqh334m6yzkh40000gn/T/.tmpgCQwKo/workbooks/two-step/1.0.0/instructions/outline.md": (33060, 681151075, Some([232, 175, 187, 32, 96, 116, 111, 112, 105, 99, 96, 239, 188, 140, 229, 155, 180, 231, 187, 149, 229, 174, 131, 229, 136, 151, 228, 184, 128, 228, 187, 189, 230, 143, 144, 231, 186, 178, 227, 128, 130, 10, 10, 45, 32, 228, 184, 137, 229, 136, 176, 229, 133, 173, 228, 184, 170, 228, 184, 128, 231, 186, 167, 232, 166, 129, 231, 130, 185, 239, 188, 140, 230, 175, 143, 228, 184, 170, 232, 166, 129, 231, 130, 185, 228, 184, 139, 228, 184, 128, 229, 136, 176, 228, 184, 137, 228, 184, 170, 229, 173, 144, 231, 130, 185, 227, 128, 130, 10, 45, 32, 230, 175, 143, 228, 184, 170, 232, 166, 129, 231, 130, 185, 228, 184, 128, 229, 143, 165, 232, 175, 157, 232, 175, 180, 230, 184, 133, 232, 166, 129, 232, 174, 178, 228, 187, 128, 228, 185, 136, 239, 188, 140, 228, 184, 141, 229, 177, 149, 229, 188, 128, 227, 128, 130, 10, 45, 32, 231, 148, 168, 231, 174, 128, 228, 189, 147, 228, 184, 173, 230, 150, 135, 239, 188, 140, 77, 97, 114, 107, 100, 111, 119, 110, 32, 229, 136, 151, 232, 161, 168, 227, 128, 130, 10, 10, 230, 138, 138, 230, 143, 144, 231, 186, 178, 229, 134, 153, 229, 136, 176, 228, 187, 187, 229, 138, 161, 228, 185, 166, 227, 128, 140, 232, 190, 147, 229, 135, 186, 232, 166, 129, 230, 177, 130, 227, 128, 141, 233, 135, 140, 32, 96, 111, 117, 116, 108, 105, 110, 101, 96, 32, 229, 175, 185, 229, 186, 148, 231, 154, 132, 232, 183, 175, 229, 190, 132, 227, 128, 130, 229, 155, 158, 229, 164, 141, 229, 141, 143, 232, 176, 131, 232, 128, 133, 230, 151, 182, 232, 175, 180, 228, 184, 128, 229, 143, 165, 239, 188, 154, 229, 135, 160, 228, 184, 170, 232, 166, 129, 231, 130, 185, 239, 188, 140, 228, 184, 187, 231, 186, 191, 230, 152, 175, 228, 187, 128, 228, 185, 136, 227, 128, 130, 10])), "/private/var/folders/41/jg31h24j12nbqh334m6yzkh40000gn/T/.tmpgCQwKo/workbooks/two-step/1.0.0/instructions/summary.md": (33060, 681151076, Some([232, 175, 187, 32, 96, 111, 117, 116, 108, 105, 110, 101, 96, 239, 188, 140, 230, 140, 137, 229, 174, 131, 229, 134, 153, 228, 184, 128, 231, 175, 135, 32, 51, 48, 48, 32, 229, 136, 176, 32, 53, 48, 48, 32, 229, 173, 151, 231, 154, 132, 230, 145, 152, 232, 166, 129, 227, 128, 130, 10, 10, 45, 32, 233, 161, 186, 229, 186, 143, 228, 184, 142, 230, 143, 144, 231, 186, 178, 228, 184, 128, 232, 135, 180, 239, 188, 140, 230, 175, 143, 228, 184, 170, 228, 184, 128, 231, 186, 167, 232, 166, 129, 231, 130, 185, 228, 184, 128, 230, 174, 181, 227, 128, 130, 10, 45, 32, 228, 184, 141, 230, 150, 176, 229, 162, 158, 230, 143, 144, 231, 186, 178, 233, 135, 140, 230, 178, 161, 230, 156, 137, 231, 154, 132, 232, 167, 130, 231, 130, 185, 227, 128, 130, 10, 45, 32, 231, 148, 168, 231, 174, 128, 228, 189, 147, 228, 184, 173, 230, 150, 135, 227, 128, 130, 10, 10, 230, 138, 138, 230, 145, 152, 232, 166, 129, 229, 134, 153, 229, 136, 176, 32, 96, 115, 117, 109, 109, 97, 114, 121, 96, 32, 229, 175, 185, 229, 186, 148, 231, 154, 132, 232, 183, 175, 229, 190, 132, 227, 128, 130, 229, 155, 158, 229, 164, 141, 229, 141, 143, 232, 176, 131, 232, 128, 133, 230, 151, 182, 232, 175, 180, 228, 184, 128, 229, 143, 165, 239, 188, 154, 229, 173, 151, 230, 149, 176, 228, 184, 142, 230, 152, 175, 229, 144, 166, 232, 166, 134, 231, 155, 150, 228, 186, 134, 229, 133, 168, 233, 131, 168, 232, 166, 129, 231, 130, 185, 227, 128, 130, 10])), "/private/var/folders/41/jg31h24j12nbqh334m6yzkh40000gn/T/.tmpgCQwKo/workbooks/two-step/1.0.0/workbook.toml": (33060, 681151077, Some([115, 99, 104, 101, 109, 97, 32, 61, 32, 34, 119, 111, 114, 107, 98, 111, 111, 107, 47, 118, 49, 34, 10, 105, 100, 32, 61, 32, 34, 116, 119, 111, 45, 115, 116, 101, 112, 34, 10, 118, 101, 114, 115, 105, 111, 110, 32, 61, 32, 34, 49, 46, 48, 46, 48, 34, 10, 110, 97, 109, 101, 32, 61, 32, 34, 228, 184, 164, 230, 173, 165, 229, 134, 153, 228, 189, 156, 34, 10, 100, 101, 115, 99, 114, 105, 112, 116, 105, 111, 110, 32, 61, 32, 34, 229, 133, 136, 229, 136, 151, 230, 143, 144, 231, 186, 178, 239, 188, 140, 229, 134, 141, 230, 140, 137, 230, 143, 144, 231, 186, 178, 229, 134, 153, 230, 145, 152, 232, 166, 129, 227, 128, 130, 230, 151, 160, 229, 174, 161, 230, 159, 165, 227, 128, 129, 230, 151, 160, 233, 151, 168, 230, 167, 155, 239, 188, 140, 232, 175, 129, 230, 152, 142, 229, 188, 149, 230, 147, 142, 228, 184, 142, 228, 184, 154, 229, 138, 161, 230, 151, 160, 229, 133, 179, 227, 128, 130, 34, 10, 10, 102, 108, 111, 119, 115, 32, 61, 32, 91, 34, 102, 108, 111, 119, 115, 47, 100, 101, 102, 97, 117, 108, 116, 46, 116, 111, 109, 108, 34, 93, 10])), "/private/var/folders/41/jg31h24j12nbqh334m6yzkh40000gn/T/.tmpgCQwKo/works": (16832, 681151120, None), "/private/var/folders/41/jg31h24j12nbqh334m6yzkh40000gn/T/.tmpgCQwKo/works/2026-10-03-001-default": (16832, 681151123, None), "/private/var/folders/41/jg31h24j12nbqh334m6yzkh40000gn/T/.tmpgCQwKo/works/2026-10-03-001-default/start-inputs": (16832, 681151133, None), "/private/var/folders/41/jg31h24j12nbqh334m6yzkh40000gn/T/.tmpgCQwKo/works/2026-10-03-001-default/start-inputs/topic": (33152, 681151134, Some([111, 119, 110, 101, 114, 32, 111, 98, 115, 101, 114, 118, 97, 116, 105, 111, 110])), "/private/var/folders/41/jg31h24j12nbqh334m6yzkh40000gn/T/.tmpgCQwKo/works/2026-10-03-001-default/status-card.md": (33152, 681151159, Some([35, 32, 87, 111, 114, 107, 32, 50, 48, 50, 54, 45, 49, 48, 45, 48, 51, 45, 48, 48, 49, 45, 100, 101, 102, 97, 117, 108, 116, 239, 188, 136, 100, 101, 102, 97, 117, 108, 116, 239, 188, 137, 10, 10, 119, 111, 114, 107, 98, 111, 111, 107, 58, 32, 116, 119, 111, 45, 115, 116, 101, 112, 64, 49, 46, 48, 46, 48, 32, 32, 32, 102, 108, 111, 119, 58, 32, 100, 101, 102, 97, 117, 108, 116, 32, 32, 32, 115, 116, 97, 116, 117, 115, 58, 32, 97, 99, 116, 105, 118, 101, 10, 99, 117, 114, 114, 101, 110, 116, 58, 32, 111, 117, 116, 108, 105, 110, 101, 35, 49, 10, 100, 111, 110, 101, 58, 32, 230, 151, 160, 10, 112, 101, 110, 100, 105, 110, 103, 58, 32, 115, 117, 109, 109, 97, 114, 121, 10, 118, 105, 115, 105, 116, 115, 58, 32, 111, 117, 116, 108, 105, 110, 101, 32, 49, 47, 49, 44, 32, 115, 117, 109, 109, 97, 114, 121, 32, 48, 47, 49, 10, 10, 35, 35, 32, 229, 189, 147, 229, 137, 141, 228, 187, 187, 229, 138, 161, 10, 10, 230, 151, 160, 10, 10, 35, 35, 32, 230, 156, 128, 232, 191, 145, 228, 184, 128, 230, 172, 161, 229, 176, 157, 232, 175, 149, 10, 10, 230, 151, 160, 10, 10, 35, 35, 32, 229, 144, 136, 230, 179, 149, 228, 184, 139, 228, 184, 128, 230, 173, 165, 10, 10, 45, 32, 115, 104, 101, 108, 116, 105, 101, 32, 97, 116, 116, 101, 109, 112, 116, 32, 98, 101, 103, 105, 110, 32, 50, 48, 50, 54, 45, 49, 48, 45, 48, 51, 45, 48, 48, 49, 45, 100, 101, 102, 97, 117, 108, 116, 32, 45, 45, 110, 111, 100, 101, 32, 111, 117, 116, 108, 105, 110, 101, 10, 45, 32, 115, 104, 101, 108, 116, 105, 101, 32, 119, 111, 114, 107, 32, 99, 97, 110, 99, 101, 108, 32, 50, 48, 50, 54, 45, 49, 48, 45, 48, 51, 45, 48, 48, 49, 45, 100, 101, 102, 97, 117, 108, 116, 10])), "/private/var/folders/41/jg31h24j12nbqh334m6yzkh40000gn/T/.tmpgCQwKo/works/2026-10-03-001-default/workbook": (16749, 681151126, None), "/private/var/folders/41/jg31h24j12nbqh334m6yzkh40000gn/T/.tmpgCQwKo/works/2026-10-03-001-default/workbook/flows": (16749, 681151127, None), "/private/var/folders/41/jg31h24j12nbqh334m6yzkh40000gn/T/.tmpgCQwKo/works/2026-10-03-001-default/workbook/flows/default.toml": (33060, 681151129, Some([115, 99, 104, 101, 109, 97, 32, 61, 32, 34, 102, 108, 111, 119, 47, 118, 49, 34, 10, 105, 100, 32, 61, 32, 34, 100, 101, 102, 97, 117, 108, 116, 34, 10, 101, 110, 116, 114, 121, 32, 61, 32, 34, 111, 117, 116, 108, 105, 110, 101, 34, 10, 10, 91, 91, 110, 111, 100, 101, 115, 93, 93, 10, 105, 100, 32, 61, 32, 34, 111, 117, 116, 108, 105, 110, 101, 34, 10, 116, 105, 116, 108, 101, 32, 61, 32, 34, 229, 136, 151, 230, 143, 144, 231, 186, 178, 34, 10, 101, 120, 101, 99, 117, 116, 111, 114, 32, 61, 32, 34, 97, 103, 101, 110, 116, 34, 10, 105, 110, 115, 116, 114, 117, 99, 116, 105, 111, 110, 32, 61, 32, 123, 32, 102, 105, 108, 101, 32, 61, 32, 34, 105, 110, 115, 116, 114, 117, 99, 116, 105, 111, 110, 115, 47, 111, 117, 116, 108, 105, 110, 101, 46, 109, 100, 34, 32, 125, 10, 105, 110, 112, 117, 116, 115, 32, 32, 61, 32, 91, 123, 32, 110, 97, 109, 101, 32, 61, 32, 34, 116, 111, 112, 105, 99, 34, 44, 32, 102, 114, 111, 109, 32, 61, 32, 34, 115, 116, 97, 114, 116, 46, 116, 111, 112, 105, 99, 34, 32, 125, 93, 10, 111, 117, 116, 112, 117, 116, 115, 32, 61, 32, 91, 123, 32, 110, 97, 109, 101, 32, 61, 32, 34, 111, 117, 116, 108, 105, 110, 101, 34, 44, 32, 112, 97, 116, 104, 32, 61, 32, 34, 111, 117, 116, 108, 105, 110, 101, 46, 109, 100, 34, 44, 32, 109, 97, 120, 95, 98, 121, 116, 101, 115, 32, 61, 32, 54, 53, 53, 51, 54, 32, 125, 93, 10, 10, 91, 91, 110, 111, 100, 101, 115, 93, 93, 10, 105, 100, 32, 61, 32, 34, 115, 117, 109, 109, 97, 114, 121, 34, 10, 116, 105, 116, 108, 101, 32, 61, 32, 34, 230, 140, 137, 230, 143, 144, 231, 186, 178, 229, 134, 153, 230, 145, 152, 232, 166, 129, 34, 10, 101, 120, 101, 99, 117, 116, 111, 114, 32, 61, 32, 34, 97, 103, 101, 110, 116, 34, 10, 105, 110, 115, 116, 114, 117, 99, 116, 105, 111, 110, 32, 61, 32, 123, 32, 102, 105, 108, 101, 32, 61, 32, 34, 105, 110, 115, 116, 114, 117, 99, 116, 105, 111, 110, 115, 47, 115, 117, 109, 109, 97, 114, 121, 46, 109, 100, 34, 32, 125, 10, 105, 110, 112, 117, 116, 115, 32, 32, 61, 32, 91, 123, 32, 110, 97, 109, 101, 32, 61, 32, 34, 111, 117, 116, 108, 105, 110, 101, 34, 44, 32, 102, 114, 111, 109, 32, 61, 32, 34, 111, 117, 116, 108, 105, 110, 101, 46, 111, 117, 116, 108, 105, 110, 101, 34, 32, 125, 93, 10, 111, 117, 116, 112, 117, 116, 115, 32, 61, 32, 91, 123, 32, 110, 97, 109, 101, 32, 61, 32, 34, 115, 117, 109, 109, 97, 114, 121, 34, 44, 32, 112, 97, 116, 104, 32, 61, 32, 34, 115, 117, 109, 109, 97, 114, 121, 46, 109, 100, 34, 44, 32, 109, 97, 120, 95, 98, 121, 116, 101, 115, 32, 61, 32, 54, 53, 53, 51, 54, 32, 125, 93, 10, 10, 91, 91, 101, 100, 103, 101, 115, 93, 93, 10, 102, 114, 111, 109, 32, 61, 32, 34, 111, 117, 116, 108, 105, 110, 101, 34, 10, 116, 111, 32, 61, 32, 34, 115, 117, 109, 109, 97, 114, 121, 34, 10, 107, 105, 110, 100, 32, 61, 32, 34, 109, 97, 105, 110, 34, 10])), "/private/var/folders/41/jg31h24j12nbqh334m6yzkh40000gn/T/.tmpgCQwKo/works/2026-10-03-001-default/workbook/instructions": (16749, 681151128, None), "/private/var/folders/41/jg31h24j12nbqh334m6yzkh40000gn/T/.tmpgCQwKo/works/2026-10-03-001-default/workbook/instructions/outline.md": (33060, 681151130, Some([232, 175, 187, 32, 96, 116, 111, 112, 105, 99, 96, 239, 188, 140, 229, 155, 180, 231, 187, 149, 229, 174, 131, 229, 136, 151, 228, 184, 128, 228, 187, 189, 230, 143, 144, 231, 186, 178, 227, 128, 130, 10, 10, 45, 32, 228, 184, 137, 229, 136, 176, 229, 133, 173, 228, 184, 170, 228, 184, 128, 231, 186, 167, 232, 166, 129, 231, 130, 185, 239, 188, 140, 230, 175, 143, 228, 184, 170, 232, 166, 129, 231, 130, 185, 228, 184, 139, 228, 184, 128, 229, 136, 176, 228, 184, 137, 228, 184, 170, 229, 173, 144, 231, 130, 185, 227, 128, 130, 10, 45, 32, 230, 175, 143, 228, 184, 170, 232, 166, 129, 231, 130, 185, 228, 184, 128, 229, 143, 165, 232, 175, 157, 232, 175, 180, 230, 184, 133, 232, 166, 129, 232, 174, 178, 228, 187, 128, 228, 185, 136, 239, 188, 140, 228, 184, 141, 229, 177, 149, 229, 188, 128, 227, 128, 130, 10, 45, 32, 231, 148, 168, 231, 174, 128, 228, 189, 147, 228, 184, 173, 230, 150, 135, 239, 188, 140, 77, 97, 114, 107, 100, 111, 119, 110, 32, 229, 136, 151, 232, 161, 168, 227, 128, 130, 10, 10, 230, 138, 138, 230, 143, 144, 231, 186, 178, 229, 134, 153, 229, 136, 176, 228, 187, 187, 229, 138, 161, 228, 185, 166, 227, 128, 140, 232, 190, 147, 229, 135, 186, 232, 166, 129, 230, 177, 130, 227, 128, 141, 233, 135, 140, 32, 96, 111, 117, 116, 108, 105, 110, 101, 96, 32, 229, 175, 185, 229, 186, 148, 231, 154, 132, 232, 183, 175, 229, 190, 132, 227, 128, 130, 229, 155, 158, 229, 164, 141, 229, 141, 143, 232, 176, 131, 232, 128, 133, 230, 151, 182, 232, 175, 180, 228, 184, 128, 229, 143, 165, 239, 188, 154, 229, 135, 160, 228, 184, 170, 232, 166, 129, 231, 130, 185, 239, 188, 140, 228, 184, 187, 231, 186, 191, 230, 152, 175, 228, 187, 128, 228, 185, 136, 227, 128, 130, 10])), "/private/var/folders/41/jg31h24j12nbqh334m6yzkh40000gn/T/.tmpgCQwKo/works/2026-10-03-001-default/workbook/instructions/summary.md": (33060, 681151131, Some([232, 175, 187, 32, 96, 111, 117, 116, 108, 105, 110, 101, 96, 239, 188, 140, 230, 140, 137, 229, 174, 131, 229, 134, 153, 228, 184, 128, 231, 175, 135, 32, 51, 48, 48, 32, 229, 136, 176, 32, 53, 48, 48, 32, 229, 173, 151, 231, 154, 132, 230, 145, 152, 232, 166, 129, 227, 128, 130, 10, 10, 45, 32, 233, 161, 186, 229, 186, 143, 228, 184, 142, 230, 143, 144, 231, 186, 178, 228, 184, 128, 232, 135, 180, 239, 188, 140, 230, 175, 143, 228, 184, 170, 228, 184, 128, 231, 186, 167, 232, 166, 129, 231, 130, 185, 228, 184, 128, 230, 174, 181, 227, 128, 130, 10, 45, 32, 228, 184, 141, 230, 150, 176, 229, 162, 158, 230, 143, 144, 231, 186, 178, 233, 135, 140, 230, 178, 161, 230, 156, 137, 231, 154, 132, 232, 167, 130, 231, 130, 185, 227, 128, 130, 10, 45, 32, 231, 148, 168, 231, 174, 128, 228, 189, 147, 228, 184, 173, 230, 150, 135, 227, 128, 130, 10, 10, 230, 138, 138, 230, 145, 152, 232, 166, 129, 229, 134, 153, 229, 136, 176, 32, 96, 115, 117, 109, 109, 97, 114, 121, 96, 32, 229, 175, 185, 229, 186, 148, 231, 154, 132, 232, 183, 175, 229, 190, 132, 227, 128, 130, 229, 155, 158, 229, 164, 141, 229, 141, 143, 232, 176, 131, 232, 128, 133, 230, 151, 182, 232, 175, 180, 228, 184, 128, 229, 143, 165, 239, 188, 154, 229, 173, 151, 230, 149, 176, 228, 184, 142, 230, 152, 175, 229, 144, 166, 232, 166, 134, 231, 155, 150, 228, 186, 134, 229, 133, 168, 233, 131, 168, 232, 166, 129, 231, 130, 185, 227, 128, 130, 10])), "/private/var/folders/41/jg31h24j12nbqh334m6yzkh40000gn/T/.tmpgCQwKo/works/2026-10-03-001-default/workbook/workbook.toml": (33060, 681151132, Some([115, 99, 104, 101, 109, 97, 32, 61, 32, 34, 119, 111, 114, 107, 98, 111, 111, 107, 47, 118, 49, 34, 10, 105, 100, 32, 61, 32, 34, 116, 119, 111, 45, 115, 116, 101, 112, 34, 10, 118, 101, 114, 115, 105, 111, 110, 32, 61, 32, 34, 49, 46, 48, 46, 48, 34, 10, 110, 97, 109, 101, 32, 61, 32, 34, 228, 184, 164, 230, 173, 165, 229, 134, 153, 228, 189, 156, 34, 10, 100, 101, 115, 99, 114, 105, 112, 116, 105, 111, 110, 32, 61, 32, 34, 229, 133, 136, 229, 136, 151, 230, 143, 144, 231, 186, 178, 239, 188, 140, 229, 134, 141, 230, 140, 137, 230, 143, 144, 231, 186, 178, 229, 134, 153, 230, 145, 152, 232, 166, 129, 227, 128, 130, 230, 151, 160, 229, 174, 161, 230, 159, 165, 227, 128, 129, 230, 151, 160, 233, 151, 168, 230, 167, 155, 239, 188, 140, 232, 175, 129, 230, 152, 142, 229, 188, 149, 230, 147, 142, 228, 184, 142, 228, 184, 154, 229, 138, 161, 230, 151, 160, 229, 133, 179, 227, 128, 130, 34, 10, 10, 102, 108, 111, 119, 115, 32, 61, 32, 91, 34, 102, 108, 111, 119, 115, 47, 100, 101, 102, 97, 117, 108, 116, 46, 116, 111, 109, 108, 34, 93, 10]))}
    note: run with `RUST_BACKTRACE=1` environment variable to display a backtrace

  Cancelling due to test failure: 
────────────
     Summary [   1.342s] 1 test run: 0 passed, 1 failed, 345 skipped
        FAIL [   1.340s] (1/1) sheltie-runtime::workbook_txn readers_accept_real_publication_after_their_old_owner_observation
error: test run failed
